None 
1596.70000000 
1596.70000000 
1596.70000000 
1596.70000000 
1596.69000000 
1596.64000000 
1596.64000000 
1596.60000000 
1596.55000000 
1596.55000000 
1596.56000000 
1596.56000000 
1596.56000000 
1596.56000000 
1596.52000000 
1596.52000000 
1596.52000000 
1596.52000000 
1596.52000000 
1596.52000000 
1596.52000000 
1596.51000000 
1596.50000000 
1596.50000000 
1596.51000000 
1596.50000000 
1596.50000000 
1596.50000000 
1596.50000000 
1596.50000000 
1596.51000000 
1596.50000000 
1596.50000000 
1596.50000000 
1596.48000000 
1596.41000000 
1596.41000000 
1596.41000000 
1596.42000000 
1596.41000000 
1596.42000000 
1596.42000000 
1596.42000000 
1596.42000000 
1596.42000000 
